12
30
1
67
203
0
0
0
0
0
0
0
0
152
0
206
0
190
0
3
2
0
0
1
152
208
0
0
0
6
2
0
22
0
0
0
0
0
0
0
0
213
0
0
0
0
0
0
0
61
1
3
2
0
0
0
0
0
0
0
0
0
0
0
0
0
0
0
0
0
0
0
0
0
0
0
0
0
0
0
0
61
1
3
2
0
0
0
0
0
0
0
0
0
0
0
0
0
0
0
0
0
0
0
0
0
0
0
0
0
0
0
0
61
1
3
2
0
0
0
0
0
0
0
0
0
0
0
0
0
0
0
0
0
0
0
0
0
0
0
0
0
0
0
0
61
1
3
2
0
0
0
0
0
0
0
0
0
0
0
0
0
0
0
0
0
0
0
0
0
0
0
0
0
0
0
0
0
0
0
0
0
0
0
0
0
0
0
0
0
0
0
0
0
0
0
0
0
0
0
0
0
0
0
0
0
0
0
0
0
0
0
0
0
0
0
0
0
0
0
0
0
0
0
0
0
0
0
0
0
0
0
0
0
0
0
0
0
0
0
0
0
0
0
0
0
0
0
0
0
0
0
0
0
0
0
0
0
0
0
0
0
0
0
0
0
0
0
0
0
0
0
0
0
0
0
0
0
0
0
0
0
0
0
0
0
0
0
0
0
0
0
0
0
0
0
0
0
0
0
0
0
0
0
0
0
0
0
0
0
0
0
0
0
0
0
0
0
0
0
0
0
0
0
0
0
0
0
0
0
0
0
0
0
0
0
0
0
0
0
0
0
0
0
0
0
0
0
0
0
0
0
0
0
0
0
0
0
0
0
0
0
0
0
0
0
0
0
0
0
0
0
0
0
0
0
0
0
0
0
0
0
0
0
0
0
0
0
0
0
0
0
0
0
0
0
0
0
0
0
0
0
0
0
0
0
0
0
0
0
0
0
0
0
0
0
0
0
0
0
0
0
0
0
0
0
1
0
4
51
0
115
14
25
12
2
2
0
0
0
3
4
255
0
0
42
9
1
0
139
0
205
0
0
0
0
0
0
1
0
4
88
160
113
24
21
11
2
2
0
0
0
0
2
0
0
0
0
0
0
0
141
0
0
0
0
0
0
0
0
1
0
8
230
64
217
128
21
11
2
2
0
0
0
0
4
0
96
255
240
6
0
0
238
0
0
0
0
0
0
0
0
1
0
2
120
0
209
14
21
139
2
2
0
0
0
3
2
1
0
0
42
9
0
0
243
0
0
0
0
0
0
0
0
0
0
4
0
0
243
14
21
11
2
2
0
0
0
3
2
255
0
0
42
9
0
0
238
0
0
0
0
0
0
0
0
1
0
2
145
0
145
14
21
11
2
2
0
0
0
3
2
1
0
0
42
9
0
0
176
0
0
0
0
0
0
0
0
1
0
2
215
160
83
24
21
11
2
2
0
0
0
0
3
0
0
0
0
0
0
0
106
0
0
0
0
0
0
0
0
1
0
2
196
0
148
14
21
139
2
2
0
0
0
3
4
1
0
0
42
9
0
0
176
0
0
0
0
0
0
0
0
1
0
2
118
0
79
0
149
11
2
2
0
0
0
0
4
0
0
0
0
0
0
0
112
0
0
0
0
0
0
0
0
0
0
0
0
0
0
0
0
0
2
2
0
0
0
0
0
0
0
0
0
0
0
0
0
0
0
0
0
0
0
0
0
0
0
35
104
1
17
0
0
0
16
219
104
1
64
0
0
0
0
0
0
0
0
0
0
0
0
0
0
0
0
0
0
0
0
0
0
0
0
0
0
0
0
0
0
0
0
0
0
0
0
0
0
0
0
0
0
0
0
0
0
0
0
0
0
0
0
0
0
0
0
0
0
0
0
0
0
0
0
0
0
0
0
0
0
0
0
0
0
0
0
0
0
0
0
0
0
0
0
0
0
0
0
0
0
0
0
0
0
0
0
0
0

0



0



0





0
0
0
0



0


0




0


0


0
